3 0
-62 0
-58 0
6 0
-28 0
-35 0
-31 0
-37 0
-14 0
-36 0
57 0
-38 0
-52 0
-39 0
-32 0
-27 0
36 0
-2 0
-37 0
31 0
44 0
-2 0
-47 0
-74 0
55 0
13 0
-11 0
17 0
8 0
-15 0
20 0
-57 0
-31 0
-17 0
44 0
71 0
-37 0
53 0
30 0
7 0
-79 0
2 0
-4 0
48 0
45 0
28 0
-8 0
-27 0
60 0
-55 0
-25 0
44 0
-66 0
-95 0
75 0
4 0
79 0
-45 0
24 0
-25 0
-11 0
-14 0
-26 0
-6 0
18 0
-11 0
-44 0
-21 0
77 0
5 0
43 0
-3 0
16 0
-2 0
7 0
9 0
-73 0
27 0
5 0
34 0
9 0
-36 0
9 0
-93 0
30 0
-10 0
-31 0
48 0
38 0
-23 0
19 0
-9 0
-68 0
-53 0
37 0
8 0
58 0
10 0
-32 0
1 0
-72 0
20 0
25 0
34 0
14 0
60 0
-52 0
79 0
19 0
13 0
9 0
-47 0
46 0
34 0
32 0
13 0
22 0
-90 0
-51 0
-37 0
6 0
-56 0
22 0
-18 0
-1 0
-4 0
-31 0
-73 0
16 0
-18 0
43 0
8 0
-24 0
13 0
-38 0
36 0
47 0
-29 0
3 0
-42 0
-51 0
61 0
3 0
-18 0
-3 0
14 0
55 0
5 0
40 0
-44 0
-6 0
-34 0
-29 0
11 0
-61 0
-75 0
24 0
-50 0
-26 0
45 0
-5 0
59 0
34 0
80 0
-17 0
-28 0
27 0
23 0
23 0
-26 0
4 0
47 0
-15 0
54 0
-20 0
-22 0
60 0
77 0
2 0
-85 0
-8 0
66 0
72 0
17 0
23 0
-90 0
-10 0
3 0
5 0
-18 0
5 0
-88 0
46 0
9 0
-7 0
33 0
-42 0
4 0
-63 0
26 0
61 0
-64 0
40 0
-28 0
-5 0
30 0
15 0
-36 0
-21 0
-39 0
46 0
9 0
41 0
30 0
34 0
39 0
-61 0
44 0
13 0
-28 0
24 0
7 0
-56 0
-1 0
-2 0
-54 0
3 0
-56 0
-37 0
-25 0
81 0
-9 0
-8 0
-1 0
53 0
12 0
25 0
15 0
-56 0
-8 0
-77 0
33 0
40 0
21 0
3 0
1 0
61 0
-42 0
28 0
6 0
-19 0
-43 0
38 0
-72 0
-65 0
-29 0
-43 0
-64 0
33 0
54 0
53 0
74 0
46 0
68 0
36 0
-49 0
44 0
23 0
29 0
62 0
-30 0
74 0
41 0
78 0
67 0
59 0
-15 0
-14 0
13 0
1 0
28 0
14 0
-39 0
54 0
-12 0
54 0
1 0
38 0
-15 0
-36 0
-6 0
71 0
-43 0
-42 0
59 0
20 0
63 0
-41 0
24 0
-35 0
29 0
22 0
-6 0
72 0
-26 0
31 0
8 0
-1 0
-42 0
36 0
17 0
4 0
-10 0
3 0
-24 0
-73 0
-65 0
-14 0
8 0
-92 0
42 0
3 0
-8 0
67 0
8 0
-32 0
7 0
52 0
-13 0
-88 0
23 0
24 0
-13 0
-14 0
-33 0
29 0
-16 0
-41 0
-21 0
-75 0
77 0
60 0
13 0
-19 0
67 0
-33 0
31 0
-1 0
-2 0
13 0
-69 0
22 0
-77 0
-11 0
54 0
-10 0
-45 0
66 0
8 0
19 0
-8 0
-32 0
-26 0
-10 0
52 0
-16 0
47 0
45 0
-65 0
-79 0
-56 0
-29 0
-41 0
14 0
-15 0
-5 0
19 0
-52 0
31 0
64 0
-58 0
14 0
-45 0
6 0
-11 0
-68 0
-16 0
-20 0
-59 0
-37 0
-23 0
-47 0
-28 0
-11 0
-12 0
38 0
3 0
21 0
7 0
1 0
-50 0
-19 0
36 0
-18 0
5 0
-51 0
2 0
-20 0
52 0
-22 0
-77 0
-76 0
64 0
-15 0
-83 0
19 0
-30 0
4 0
8 0
30 0
78 0
44 0
-67 0
51 0
41 0
-24 0
-56 0
-10 0
-6 0
29 0
-36 0
-19 0
44 0
-13 0
-78 0
13 0
-1 0
-72 0
-71 0
18 0
-41 0
-65 0
47 0
9 0
-49 0
4 0
35 0
-7 0
23 0
78 0
50 0
45 0
-3 0
-71 0
1 0
-55 0
-7 0
62 0
4 0
-67 0
11 0
65 0
24 0
25 0
-9 0
-61 0
45 0
-63 0
55 0
16 0
14 0
-33 0
40 0
-1 0
2 0
-2 0
18 0
59 0
-78 0
-16 0
-14 0
-47 0
56 0
22 0
9 0
-35 0
-6 0
30 0
11 0
-71 0
-38 0
-26 0
85 0
19 0
17 0
-29 0
25 0
-14 0
15 0
-61 0
-59 0
-5 0
38 0
-28 0
7 0
10 0
-25 0
-2 0
20 0
-82 0
19 0
-9 0
13 0
-27 0
-19 0
0 0
-31 0
9 0
-31 0
-49 0
-18 0
-54 0
-52 0
22 0
-39 0
6 0
29 0
25 0
22 0
71 0
-38 0
26 0
-33 0
-14 0
16 0
-35 0
-51 0
60 0
-44 0
-34 0
-31 0
-3 0
-80 0
42 0
-29 0
47 0
-64 0
65 0
6 0
38 0
-12 0
-27 0
63 0
-13 0
-37 0
36 0
29 0
27 0
54 0
-11 0
-18 0
-40 0
-45 0
-31 0
25 0
-64 0
10 0
52 0
-6 0
-55 0
-55 0
-63 0
66 0
-29 0
-67 0
-2 0
-6 0
-15 0
-16 0
-37 0
64 0
-78 0
12 0
48 0
13 0
-37 0
25 0
30 0
-38 0
-38 0
61 0
-39 0
70 0
57 0
-49 0
15 0
19 0
-62 0
10 0
85 0
78 0
32 0
46 0
42 0
-37 0
4 0
64 0
32 0
-37 0
-59 0
-43 0
30 0
-8 0
-45 0
-48 0
25 0
-12 0
-71 0
-34 0
-5 0
23 0
54 0
65 0
-30 0
23 0
-10 0
15 0
4 0
35 0
57 0
-1 0
66 0
-15 0
20 0
-34 0
-19 0
-85 0
25 0
-79 0
55 0
7 0
-28 0
13 0
-71 0
-17 0
36 0
-33 0
-31 0
45 0
5 0
-48 0
-3 0
-27 0
46 0
-30 0
85 0
47 0
-1 0
-14 0
-40 0
14 0
51 0
-5 0
-14 0
56 0
-48 0
-24 0
-73 0
24 0
-10 0
75 0
19 0
-15 0
29 0
-2 0
39 0
-66 0
46 0
9 0
73 0
-29 0
-26 0
26 0
-3 0
26 0
-8 0
-37 0
18 0
29 0
67 0
37 0
-13 0
-55 0
51 0
8 0
-33 0
-4 0
27 0
-7 0
72 0
58 0
17 0
23 0
-30 0
-66 0
27 0
44 0
41 0
42 0
44 0
11 0
-18 0
3 0
34 0
33 0
-36 0
-83 0
-83 0
-83 0
-56 0
24 0
-31 0
-67 0
-41 0
-2 0
-21 0
-35 0
21 0
23 0
12 0
-40 0
-53 0
-42 0
22 0
-1 0
-75 0
38 0
45 0
-48 0
-5 0
6 0
60 0
-12 0
34 0
35 0
-85 0
74 0
24 0
-73 0
6 0
13 0
-49 0
25 0
70 0
47 0
-77 0
44 0
-29 0
16 0
91 0
5 0
-55 0
-31 0
59 0
69 0
-30 0
45 0
-67 0
12 0
97 0
21 0
-36 0
-45 0
-2 0
-10 0
21 0
-4 0
-76 0
40 0
-43 0
-51 0
-62 0
48 0
-34 0
-26 0
24 0
34 0
8 0
-81 0
7 0
-4 0
6 0
47 0
5 0
12 0
45 0
-59 0
-44 0
2 0
3 0
35 0
-81 0
12 0
58 0
-14 0
45 0
-6 0
-26 0
79 0
28 0
-59 0
52 0
4 0
-27 0
-20 0
26 0
3 0
-11 0
72 0
-2 0
-40 0
-60 0
41 0
-1 0
41 0
-38 0
-52 0
13 0
22 0
54 0
13 0
70 0
-22 0
-21 0
5 0
-39 0
19 0
-29 0
64 0
-21 0
-54 0
-61 0
57 0
-53 0
-62 0
-19 0
30 0
67 0
-39 0
57 0
-25 0
-20 0
67 0
-45 0
20 0
-13 0
28 0
12 0
27 0
11 0
7 0
-32 0
-53 0
-4 0
-19 0
71 0
22 0
-50 0
1 0
71 0
43 0
39 0
-67 0
-44 0
10 0
24 0
10 0
54 0
27 0
-38 0
8 0
64 0
84 0
19 0
24 0
6 0
-52 0
38 0
-3 0
-8 0
12 0
25 0
-39 0
-72 0
33 0
45 0
-77 0
-29 0
29 0
-9 0
-20 0
20 0
42 0
-40 0
3 0
-1 0
69 0
41 0
54 0
-34 0
59 0
28 0
-27 0
-11 0
-63 0
54 0
29 0
-2 0
-17 0
-37 0
-41 0
5 0
-16 0
5 0
64 0
-22 0
-64 0
6 0
-94 0
62 0
-25 0
13 0
-10 0
28 0
-31 0
11 0
52 0
7 0
-38 0
-21 0
36 0
50 0
64 0
-68 0
-50 0
13 0
58 0
33 0
-12 0
-28 0
0 0
-16 0
50 0
-8 0
51 0
86 0
-72 0
-42 0
39 0
65 0
32 0
-33 0
-44 0
-10 0
10 0
2 0
44 0
-35 0
24 0
54 0
31 0
-39 0
-77 0
55 0
9 0
0 0
46 0
-21 0
67 0
46 0
30 0
-14 0
82 0
16 0
-41 0
-20 0
58 0
50 0
-88 0
-8 0
73 0
-42 0
-41 0
69 0
10 0
4 0
12 0
10 0
-8 0
-1 0
